     16114   685     0   24394132        199     0      13930    63
            input        (Total)           output
   packets  errs idrops      bytes    packets  errs      bytes colls
     15890   903     0   24056169        398     0      27860   126
     15873   962     0   24030450        398     0      27860   123
     16053   732     0   24301684        398     0      27860   151
     15458  1492     0   23403412        398     0      27860   173
     15780  1036     0   23888012        398     0      27860   115
     15668  1194     0   23721352        398     0      27860   150
     16019   786     0   24251312        398     0      27860   112
     15681  1172     0   23741034        398     0      27860   104
     15962   797     0   24160989        398     0      27860   120
     15534  1374     0   23518476        398     0      27860   117
     16044   762     0   24289306        399     0      27906   105
     15936   886     0   24125650        398     0      27860   105
     15967   775     0   24169985        398     0      27860   102
     15959   606     0   24159407        398     0      27860   152
     15513  1037     0   23485454        398     0      27860   182
     16117   412     0   24398611        398     0      27860   137
     16034   482     0   24274204        398     0      27860   129
     15829   769     0   23963831        398     0      27860   155
     15716   879     0   23791479        398     0      27860   112
     15774   790     0   23881836        398     0      27860   121
     15890   653     0   24057460        398     0      27860    94
            input        (Total)           output
   packets  errs idrops      bytes    packets  errs      bytes colls
     15885   673     0   24049890        398     0      27860   158
     16056   465     0   24308784        398     0      27860   190
     15610   694     0   23630632        398     0      27860    90

