            input        (Total)           output
   packets  errs idrops      bytes    packets  errs      bytes colls
         0     0     0          0          0     0          0     0
     11745     0     0   17779411          0     0          0     0
     16257     2     0   24609180          0     0          0     0
     16255     4     0   24608779          0     0          0     0
     16232     0     0   24573976          0     0          0     0
     16248    52     0   24596914          1     0         46     0
     16252    10     0   24605528          0     0          0     0
     16255     3     0   24610070          0     0          0     0
     16246    22     0   24592285          0     0          0     0
     16252    22     0   24602684          0     0          0     0
     16256     2     0   24607326          0     0          0     0
     16259     0     0   24612002          0     0          0     0
     15948   322     0   24142436        398     0      27860    98
     15993   257     0   24212092        398     0      27860   112
      5340   649     0    8078043        199     0      13930   178
         9   319     0       1590          0     0          0     0

