         2   512     0        564          0     0          0     0
         1   630     0        223          0     0          0     0
         2   650     0        302          0     0          0     0
      8672   885     0   13119174       5683     0     383768  1277
      6954  1069     0   10528356       4890     0     322560  2668
      4855   921     0    7350470       3390     0     227328  2335
      5132   994     0    7764203       3506     0     235644  2534
      3040  1047     0    4601112       2171     0     142596  2494
         1   558     0         60          0     0          0     0
         1   644     0        226          0     0          0     0
         1    97     0         60          0     0          0     0

