         0     0     0          0          0     0          0     0
         3     0     0        663          0     0          0     0
         1     0     0        275          0     0          0     0
     10030   279     0   15181304       6545     0     436466  1507
            input        (Total)           output
   packets  errs idrops      bytes    packets  errs      bytes colls
     13390   515     0   20269933       8877     0     588048  3014
     13188   507     0   19963504       8663     0     574278  2855
     13369   551     0   20236206       8880     0     584748  2926
     11920   552     0   18042695       7948     0     530566  2930
      8915   536     0   13490728       5850     0     387084  2625
         2    33     0        120          0     0          0   161
         2     0     0        120          0     0          0     0

