         4     0     0        481          0     0          0     0
         0     0     0          0          0     0          0     0
         0     0     0          0          0     0          0     0
         2     0     0        120          0     0          0     0
         1     0     0        226          0     0          0     0
         1     0     0        204          0     0          0     0
         1     0     0         60       7220     0   12599508     0
         2     0     0        429      16250     0   24666088     0
       394     1     0      27580      16203     0   24660090    44
       392     9     0      27809      16216     0   24666088   127
       199     8     0      14344      16237     0   24670630   178
         2     0     0        283      16250     0   24669116     0
            input        (Total)           output
   packets  errs idrops      bytes    packets  errs      bytes colls
         1     0     0        242      16260     0   24678200     0
       391     5     0      27700      16187     0   23906118    94
       389     9     0      27230      16216     0   24688798   213
         1     5     0         60      16250     0   24690312    88
         1     0     0        231      16260     0   24688798     0
         0     0     0          0      16250     0   24696368     0
         0     0     0          0      16251     0   24693386     0
         1     0     0        226      16260     0   24684256     0
         5     0     0        579      16250     0   24699396     0
         3     0     0        356      16260     0   23922714     0
         1     0     0         60      16250     0   24681228     0
         2     0     0        429      16260     0   24700910     0
       389     4     0      27599      16209     0   24694854    89
       395     4     0      27856      16199     0   24697940   200
       197     7     0      14141      16237     0   23126466   154
         2     0     0        479        383     0          0     0

