[root@ensipc229 ~]# netstat -w 2 em0
            input        (Total)           output
   packets  errs idrops      bytes    packets  errs      bytes colls
         4     0     0        963          0     0          0     0
       197     0     0      14168       4986     0    9674460     0
       395     4     0      27848      16091     0   23889406   148
       394   147     0      27570       8687     0   13100642  1072
       394   176     0      27739       8101     0   12330016  1600
       196   200     0      13720       8354     0   13100642  1569
         0   183     0          0       8459     0   12330016  1507
         0   156     0          0       8311     0   13100642  1487
         0   176     0          0       8860     0   13100642  1459
       199   170     0      14505       8872     0   13624486  1469
       202   155     0      16024       6601     0    7953100  1559
         4    25     0       1128          0     0          0   261
         1     0     0        204          0     0          0     0

