 packets  errs idrops      bytes    packets  errs      bytes colls
        12     0     0       3268      16250     0   24660032     0
         5     0     0       1522      16260     0   24660032     0
         0     0     0          0      16250     0   24660032     0
         2     0     0        264      16260     0   24660032     0
         1     0     0         60      16250     0   24660032     0
         3     0     0        660      16260     0   24660032     0
         5     0     0        678      16250     0   24660032     0
         6    56     0        887      12676     0   19265650   471
         4   201     0        684       7263     0   10788764  1454
         1   154     0         60      10135     0   15412520  1479
         0   155     0          0       8469     0   13100642  1509
         1   174     0        239       8429     0   12330016  1489
         0   179     0          0       7673     0   11559390  1490
         2   196     0        684       7006     0   10788764  1468
       197   202     0      13770       8268     0   12330016  1497
       200    64     0      13970       3197     0    3082562   715
         1     0     0         60          0     0          0     0
         1     0     0        226          0     0          0     0

